3.2551243912555976
3.2575658446549225
3.2599148299403997
3.2621663975858946
3.2643164612956435
3.2663618415037594
3.268300288052538
3.2701304823102593
3.271852018546155
3.2734653670936775
3.2749718205237714
3.276373425922707
3.277672906174314
3.278873573311288
3.2799792372851893
3.280994112940015
3.2819227281185257
3.2827698352306123
3.2835403281233773
3.2842391658884953
3.2848713047802107
3.2854416384150706
3.285954947128621
3.2864158560382553
3.2868288014846407
3.287198005578899
3.287527457814401
3.287820903366924
3.2880818369822435
3.2883135015455767
