3.262422393830858
3.2659194939318
3.2693388418078273
3.2726745167423337
3.2759213933944604
3.2790751985156272
3.282132547959938
3.2850909631445884
3.2879488673889243
3.2907055629931024
3.2933611909135165
3.295916675250314
3.298373655376519
3.300734408597963
3.3030017664859552
3.3051790277702855
3.3072698706520494
3.309278266858866
3.311208399842833
3.3130645883612173
3.314851216939689
3.316572674074396
3.3182332984928804
3.3198373336508546
3.321388890322311
3.3228919168176794
3.3243501764080885
3.3257672311706648
3.3271464316343087
3.3284909113375214
